0,000000	0,707107	0,565685	0,636396	0,671751	0,692965	
0,100000	0,698197	0,558563	0,628380	0,663288	0,684233	
0,200000	0,689153	0,551343	0,620250	0,654702	0,675373	
0,300000	0,679992	0,544036	0,612017	0,646005	0,666398	
0,400000	0,670729	0,536652	0,603695	0,637213	0,657323	
0,500000	0,661379	0,529200	0,595296	0,628339	0,648164	
0,600000	0,651960	0,521692	0,586834	0,619399	0,638936	
0,700000	0,642487	0,514137	0,578321	0,610407	0,629656	
0,800000	0,632978	0,506547	0,569773	0,601378	0,620339	
0,900000	0,623448	0,498931	0,561200	0,592327	0,611000	
1,000000	0,613914	0,491301	0,552618	0,583268	0,601656	
1,100000	0,604390	0,483666	0,544037	0,574216	0,592321	
1,200000	0,594891	0,476036	0,535472	0,565183	0,583009	
1,300000	0,585432	0,468422	0,526932	0,556184	0,573733	
1,400000	0,576026	0,460831	0,518430	0,547229	0,564507	
1,500000	0,566685	0,453274	0,509976	0,538330	0,555342	
1,600000	0,557420	0,445757	0,501580	0,529498	0,546251	
1,700000	0,548242	0,438290	0,493251	0,520743	0,537242	
1,800000	0,539162	0,430879	0,484997	0,512074	0,528325	
1,900000	0,530186	0,423532	0,476827	0,503499	0,519509	
2,000000	0,521324	0,416253	0,468747	0,495025	0,510802	
Максимальная невязка для различных значений разбиений: 
 5: 0.141421
10: 0.0707107
20: 0.0353553
50: 0.0141421
